{
  "distance_matrix": [
    [
      0,
      936,
      634,
      489,
      974,
      824,
      481,
      1168,
      916,
      673
    ],
    [
      936,
      0,
      857,
      932,
      270,
      845,
      482,
      798,
      46,
      1200
    ],
    [
      634,
      857,
      0,
      183,
      709,
      202,
      484,
      611,
      815,
      365
    ],
    [
      489,
      932,
      183,
      0,
      828,
      385,
      490,
      793,
      893,
      276
    ],
    [
      974,
      270,
      709,
      828,
      0,
      644,
      494,
      529,
      229,
      1073
    ],
    [
      824,
      845,
      202,
      385,
      644,
      0,
      577,
      421,
      800,
      508
    ],
    [
      481,
      482,
      484,
      490,
      494,
      577,
      0,
      784,
      454,
      766
    ],
    [
      1168,
      798,
      611,
      793,
      529,
      421,
      784,
      0,
      755,
      924
    ],
    [
      916,
      46,
      815,
      893,
      229,
      800,
      454,
      755,
      0,
      1160
    ],
    [
      673,
      1200,
      365,
      276,
      1073,
      508,
      766,
      924,
      1160,
      0
    ]
  ],
  "demands": [
    0,
    4,
    1,
    4,
    3,
    3,
    3,
    1,
    4,
    4
  ],
  "vehicle_capacities": [
    15,
    15
  ],
  "num_vehicles": 2,
  "depot": 0
}