{
  "locations": [
    [
      706,
      247
    ],
    [
      445,
      98
    ],
    [
      510,
      558
    ],
    [
      21,
      499
    ],
    [
      505,
      84
    ],
    [
      396,
      190
    ],
    [
      808,
      129
    ],
    [
      781,
      357
    ],
    [
      94,
      640
    ],
    [
      775,
      25
    ]
  ],
  "distance_matrix": [
    [
      0,
      300,
      367,
      729,
      258,
      315,
      155,
      133,
      727,
      232
    ],
    [
      300,
      0,
      464,
      583,
      61,
      104,
      364,
      424,
      645,
      337
    ],
    [
      367,
      464,
      0,
      492,
      474,
      385,
      522,
      337,
      424,
      595
    ],
    [
      729,
      583,
      492,
      0,
      637,
      485,
      869,
      773,
      158,
      890
    ],
    [
      258,
      61,
      474,
      637,
      0,
      152,
      306,
      388,
      691,
      276
    ],
    [
      315,
      104,
      385,
      485,
      152,
      0,
      416,
      419,
      541,
      413
    ],
    [
      155,
      364,
      522,
      869,
      306,
      416,
      0,
      229,
      878,
      109
    ],
    [
      133,
      424,
      337,
      773,
      388,
      419,
      229,
      0,
      743,
      332
    ],
    [
      727,
      645,
      424,
      158,
      691,
      541,
      878,
      743,
      0,
      917
    ],
    [
      232,
      337,
      595,
      890,
      276,
      413,
      109,
      332,
      917,
      0
    ]
  ],
  "demands": [
    0,
    4,
    4,
    4,
    3,
    4,
    1,
    2,
    4,
    2
  ],
  "vehicle_capacities": [
    15,
    15
  ],
  "num_vehicles": 2,
  "depot": 0
}